,KEY,FREQ,CURRENCY,CURRENCY_DENOM,EXR_TYPE,EXR_SUFFIX,TIME_PERIOD,OBS_VALUE,OBS_STATUS,OBS_CONF,OBS_PRE_BREAK,OBS_COM,TIME_FORMAT,BREAKS,COLLECTION,COMPILING_ORG,DISS_ORG,DOM_SER_IDS,PUBL_ECB,PUBL_MU,PUBL_PUBLIC,UNIT_INDEX_BASE,COMPILATION,COVERAGE,DECIMALS,NAT_TITLE,SOURCE_AGENCY,SOURCE_PUB,TITLE,TITLE_COMPL,UNIT,UNIT_MULT
0,EXR.D.GBP.EUR.SP00.A,D,GBP,EUR,SP00,A,2020-01-02,0.84828,A,F,,,P1D,,A,,,,,,,99Q1=100,,,5,,4F0,,Pound sterling/Euro ECB reference exchange rate,"ECB reference exchange rate, Pound sterling/Euro, 2.15 pm (C.E.T.)",GBP,0
1,EXR.D.GBP.EUR.SP00.A,D,GBP,EUR,SP00,A,2020-01-03,0.85115,A,F,,,P1D,,A,,,,,,,99Q1=100,,,5,,4F0,,Pound sterling/Euro ECB reference exchange rate,"ECB reference exchange rate, Pound sterling/Euro, 2.15 pm (C.E.T.)",GBP,0
2,EXR.D.GBP.EUR.SP00.A,D,GBP,EUR,SP00,A,2020-01-06,0.85215,A,F,,,P1D,,A,,,,,,,99Q1=100,,,5,,4F0,,Pound sterling/Euro ECB reference exchange rate,"ECB reference exchange rate, Pound sterling/Euro, 2.15 pm (C.E.T.)",GBP,0
3,EXR.D.GBP.EUR.SP00.A,D,GBP,EUR,SP00,A,2020-01-07,0.85183,A,F,,,P1D,,A,,,,,,,99Q1=100,,,5,,4F0,,Pound sterling/Euro ECB reference exchange rate,"ECB reference exchange rate, Pound sterling/Euro, 2.15 pm (C.E.T.)",GBP,0
4,EXR.D.GBP.EUR.SP00.A,D,GBP,EUR,SP00,A,2020-01-08,0.84868,A,F,,,P1D,,A,,,,,,,99Q1=100,,,5,,4F0,,Pound sterling/Euro ECB reference exchange rate,"ECB reference exchange rate, Pound sterling/Euro, 2.15 pm (C.E.T.)",GBP,0
5,EXR.D.GBP.EUR.SP00.A,D,GBP,EUR,SP00,A,2020-01-09,0.85285,A,F,,,P1D,,A,,,,,,,99Q1=100,,,5,,4F0,,Pound sterling/Euro ECB reference exchange rate,"ECB reference exchange rate, Pound sterling/Euro, 2.15 pm (C.E.T.)",GBP,0
6,EXR.D.GBP.EUR.SP00.A,D,GBP,EUR,SP00,A,2020-01-10,0.8481,A,F,,,P1D,,A,,,,,,,99Q1=100,,,5,,4F0,,Pound sterling/Euro ECB reference exchange rate,"ECB reference exchange rate, Pound sterling/Euro, 2.15 pm (C.E.T.)",GBP,0
7,EXR.D.GBP.EUR.SP00.A,D,GBP,EUR,SP00,A,2020-01-13,0.8576,A,F,,,P1D,,A,,,,,,,99Q1=100,,,5,,4F0,,Pound sterling/Euro ECB reference exchange rate,"ECB reference exchange rate, Pound sterling/Euro, 2.15 pm (C.E.T.)",GBP,0
8,EXR.D.GBP.EUR.SP00.A,D,GBP,EUR,SP00,A,2020-01-14,0.85618,A,F,,,P1D,,A,,,,,,,99Q1=100,,,5,,4F0,,Pound sterling/Euro ECB reference exchange rate,"ECB reference exchange rate, Pound sterling/Euro, 2.15 pm (C.E.T.)",GBP,0
9,EXR.D.GBP.EUR.SP00.A,D,GBP,EUR,SP00,A,2020-01-15,0.85683,A,F,,,P1D,,A,,,,,,,99Q1=100,,,5,,4F0,,Pound sterling/Euro ECB reference exchange rate,"ECB reference exchange rate, Pound sterling/Euro, 2.15 pm (C.E.T.)",GBP,0
10,EXR.D.GBP.EUR.SP00.A,D,GBP,EUR,SP00,A,2020-01-16,0.8547,A,F,,,P1D,,A,,,,,,,99Q1=100,,,5,,4F0,,Pound sterling/Euro ECB reference exchange rate,"ECB reference exchange rate, Pound sterling/Euro, 2.15 pm (C.E.T.)",GBP,0
11,EXR.D.GBP.EUR.SP00.A,D,GBP,EUR,SP00,A,2020-01-17,0.85105,A,F,,,P1D,,A,,,,,,,99Q1=100,,,5,,4F0,,Pound sterling/Euro ECB reference exchange rate,"ECB reference exchange rate, Pound sterling/Euro, 2.15 pm (C.E.T.)",GBP,0
12,EXR.D.GBP.EUR.SP00.A,D,GBP,EUR,SP00,A,2020-01-20,0.85275,A,F,,,P1D,,A,,,,,,,99Q1=100,,,5,,4F0,,Pound sterling/Euro ECB reference exchange rate,"ECB reference exchange rate, Pound sterling/Euro, 2.15 pm (C.E.T.)",GBP,0
13,EXR.D.GBP.EUR.SP00.A,D,GBP,EUR,SP00,A,2020-01-21,0.8503,A,F,,,P1D,,A,,,,,,,99Q1=100,,,5,,4F0,,Pound sterling/Euro ECB reference exchange rate,"ECB reference exchange rate, Pound sterling/Euro, 2.15 pm (C.E.T.)",GBP,0
14,EXR.D.GBP.EUR.SP00.A,D,GBP,EUR,SP00,A,2020-01-22,0.84445,A,F,,,P1D,,A,,,,,,,99Q1=100,,,5,,4F0,,Pound sterling/Euro ECB reference exchange rate,"ECB reference exchange rate, Pound sterling/Euro, 2.15 pm (C.E.T.)",GBP,0
15,EXR.D.GBP.EUR.SP00.A,D,GBP,EUR,SP00,A,2020-01-23,0.84498,A,F,,,P1D,,A,,,,,,,99Q1=100,,,5,,4F0,,Pound sterling/Euro ECB reference exchange rate,"ECB reference exchange rate, Pound sterling/Euro, 2.15 pm (C.E.T.)",GBP,0
16,EXR.D.GBP.EUR.SP00.A,D,GBP,EUR,SP00,A,2020-01-24,0.84313,A,F,,,P1D,,A,,,,,,,99Q1=100,,,5,,4F0,,Pound sterling/Euro ECB reference exchange rate,"ECB reference exchange rate, Pound sterling/Euro, 2.15 pm (C.E.T.)",GBP,0
17,EXR.D.GBP.EUR.SP00.A,D,GBP,EUR,SP00,A,2020-01-27,0.84358,A,F,,,P1D,,A,,,,,,,99Q1=100,,,5,,4F0,,Pound sterling/Euro ECB reference exchange rate,"ECB reference exchange rate, Pound sterling/Euro, 2.15 pm (C.E.T.)",GBP,0
18,EXR.D.GBP.EUR.SP00.A,D,GBP,EUR,SP00,A,2020-01-28,0.84603,A,F,,,P1D,,A,,,,,,,99Q1=100,,,5,,4F0,,Pound sterling/Euro ECB reference exchange rate,"ECB reference exchange rate, Pound sterling/Euro, 2.15 pm (C.E.T.)",GBP,0
19,EXR.D.GBP.EUR.SP00.A,D,GBP,EUR,SP00,A,2020-01-29,0.8458,A,F,,,P1D,,A,,,,,,,99Q1=100,,,5,,4F0,,Pound sterling/Euro ECB reference exchange rate,"ECB reference exchange rate, Pound sterling/Euro, 2.15 pm (C.E.T.)",GBP,0
20,EXR.D.GBP.EUR.SP00.A,D,GBP,EUR,SP00,A,2020-01-30,0.84183,A,F,,,P1D,,A,,,,,,,99Q1=100,,,5,,4F0,,Pound sterling/Euro ECB reference exchange rate,"ECB reference exchange rate, Pound sterling/Euro, 2.15 pm (C.E.T.)",GBP,0
21,EXR.D.GBP.EUR.SP00.A,D,GBP,EUR,SP00,A,2020-01-31,0.84175,A,F,,,P1D,,A,,,,,,,99Q1=100,,,5,,4F0,,Pound sterling/Euro ECB reference exchange rate,"ECB reference exchange rate, Pound sterling/Euro, 2.15 pm (C.E.T.)",GBP,0
22,EXR.D.GBP.EUR.SP00.A,D,GBP,EUR,SP00,A,2020-02-03,0.84775,A,F,,,P1D,,A,,,,,,,99Q1=100,,,5,,4F0,,Pound sterling/Euro ECB reference exchange rate,"ECB reference exchange rate, Pound sterling/Euro, 2.15 pm (C.E.T.)",GBP,0
23,EXR.D.GBP.EUR.SP00.A,D,GBP,EUR,SP00,A,2020-02-04,0.8488,A,F,,,P1D,,A,,,,,,,99Q1=100,,,5,,4F0,,Pound sterling/Euro ECB reference exchange rate,"ECB reference exchange rate, Pound sterling/Euro, 2.15 pm (C.E.T.)",GBP,0
24,EXR.D.GBP.EUR.SP00.A,D,GBP,EUR,SP00,A,2020-02-05,0.84444,A,F,,,P1D,,A,,,,,,,99Q1=100,,,5,,4F0,,Pound sterling/Euro ECB reference exchange rate,"ECB reference exchange rate, Pound sterling/Euro, 2.15 pm (C.E.T.)",GBP,0
25,EXR.D.GBP.EUR.SP00.A,D,GBP,EUR,SP00,A,2020-02-06,0.84835,A,F,,,P1D,,A,,,,,,,99Q1=100,,,5,,4F0,,Pound sterling/Euro ECB reference exchange rate,"ECB reference exchange rate, Pound sterling/Euro, 2.15 pm (C.E.T.)",GBP,0
26,EXR.D.GBP.EUR.SP00.A,D,GBP,EUR,SP00,A,2020-02-07,0.8472,A,F,,,P1D,,A,,,,,,,99Q1=100,,,5,,4F0,,Pound sterling/Euro ECB reference exchange rate,"ECB reference exchange rate, Pound sterling/Euro, 2.15 pm (C.E.T.)",GBP,0
27,EXR.D.GBP.EUR.SP00.A,D,GBP,EUR,SP00,A,2020-02-10,0.84628,A,F,,,P1D,,A,,,,,,,99Q1=100,,,5,,4F0,,Pound sterling/Euro ECB reference exchange rate,"ECB reference exchange rate, Pound sterling/Euro, 2.15 pm (C.E.T.)",GBP,0
28,EXR.D.GBP.EUR.SP00.A,D,GBP,EUR,SP00,A,2020-02-11,0.84325,A,F,,,P1D,,A,,,,,,,99Q1=100,,,5,,4F0,,Pound sterling/Euro ECB reference exchange rate,"ECB reference exchange rate, Pound sterling/Euro, 2.15 pm (C.E.T.)",GBP,0
29,EXR.D.GBP.EUR.SP00.A,D,GBP,EUR,SP00,A,2020-02-12,0.84058,A,F,,,P1D,,A,,,,,,,99Q1=100,,,5,,4F0,,Pound sterling/Euro ECB reference exchange rate,"ECB reference exchange rate, Pound sterling/Euro, 2.15 pm (C.E.T.)",GBP,0
30,EXR.D.GBP.EUR.SP00.A,D,GBP,EUR,SP00,A,2020-02-13,0.83375,A,F,,,P1D,,A,,,,,,,99Q1=100,,,5,,4F0,,Pound sterling/Euro ECB reference exchange rate,"ECB reference exchange rate, Pound sterling/Euro, 2.15 pm (C.E.T.)",GBP,0
31,EXR.D.GBP.EUR.SP00.A,D,GBP,EUR,SP00,A,2020-02-14,0.83208,A,F,,,P1D,,A,,,,,,,99Q1=100,,,5,,4F0,,Pound sterling/Euro ECB reference exchange rate,"ECB reference exchange rate, Pound sterling/Euro, 2.15 pm (C.E.T.)",GBP,0
32,EXR.D.GBP.EUR.SP00.A,D,GBP,EUR,SP00,A,2020-02-17,0.83238,A,F,,,P1D,,A,,,,,,,99Q1=100,,,5,,4F0,,Pound sterling/Euro ECB reference exchange rate,"ECB reference exchange rate, Pound sterling/Euro, 2.15 pm (C.E.T.)",GBP,0
33,EXR.D.GBP.EUR.SP00.A,D,GBP,EUR,SP00,A,2020-02-18,0.82985,A,F,,,P1D,,A,,,,,,,99Q1=100,,,5,,4F0,,Pound sterling/Euro ECB reference exchange rate,"ECB reference exchange rate, Pound sterling/Euro, 2.15 pm (C.E.T.)",GBP,0
34,EXR.D.GBP.EUR.SP00.A,D,GBP,EUR,SP00,A,2020-02-19,0.83148,A,F,,,P1D,,A,,,,,,,99Q1=100,,,5,,4F0,,Pound sterling/Euro ECB reference exchange rate,"ECB reference exchange rate, Pound sterling/Euro, 2.15 pm (C.E.T.)",GBP,0
35,EXR.D.GBP.EUR.SP00.A,D,GBP,EUR,SP00,A,2020-02-20,0.8384,A,F,,,P1D,,A,,,,,,,99Q1=100,,,5,,4F0,,Pound sterling/Euro ECB reference exchange rate,"ECB reference exchange rate, Pound sterling/Euro, 2.15 pm (C.E.T.)",GBP,0
36,EXR.D.GBP.EUR.SP00.A,D,GBP,EUR,SP00,A,2020-02-21,0.8351,A,F,,,P1D,,A,,,,,,,99Q1=100,,,5,,4F0,,Pound sterling/Euro ECB reference exchange rate,"ECB reference exchange rate, Pound sterling/Euro, 2.15 pm (C.E.T.)",GBP,0
37,EXR.D.GBP.EUR.SP00.A,D,GBP,EUR,SP00,A,2020-02-24,0.83833,A,F,,,P1D,,A,,,,,,,99Q1=100,,,5,,4F0,,Pound sterling/Euro ECB reference exchange rate,"ECB reference exchange rate, Pound sterling/Euro, 2.15 pm (C.E.T.)",GBP,0
38,EXR.D.GBP.EUR.SP00.A,D,GBP,EUR,SP00,A,2020-02-25,0.8363,A,F,,,P1D,,A,,,,,,,99Q1=100,,,5,,4F0,,Pound sterling/Euro ECB reference exchange rate,"ECB reference exchange rate, Pound sterling/Euro, 2.15 pm (C.E.T.)",GBP,0
39,EXR.D.GBP.EUR.SP00.A,D,GBP,EUR,SP00,A,2020-02-26,0.8415,A,F,,,P1D,,A,,,,,,,99Q1=100,,,5,,4F0,,Pound sterling/Euro ECB reference exchange rate,"ECB reference exchange rate, Pound sterling/Euro, 2.15 pm (C.E.T.)",GBP,0
40,EXR.D.GBP.EUR.SP00.A,D,GBP,EUR,SP00,A,2020-02-27,0.84995,A,F,,,P1D,,A,,,,,,,99Q1=100,,,5,,4F0,,Pound sterling/Euro ECB reference exchange rate,"ECB reference exchange rate, Pound sterling/Euro, 2.15 pm (C.E.T.)",GBP,0
41,EXR.D.GBP.EUR.SP00.A,D,GBP,EUR,SP00,A,2020-02-28,0.85315,A,F,,,P1D,,A,,,,,,,99Q1=100,,,5,,4F0,,Pound sterling/Euro ECB reference exchange rate,"ECB reference exchange rate, Pound sterling/Euro, 2.15 pm (C.E.T.)",GBP,0
42,EXR.D.GBP.EUR.SP00.A,D,GBP,EUR,SP00,A,2020-03-02,0.87113,A,F,,,P1D,,A,,,,,,,99Q1=100,,,5,,4F0,,Pound sterling/Euro ECB reference exchange rate,"ECB reference exchange rate, Pound sterling/Euro, 2.15 pm (C.E.T.)",GBP,0
43,EXR.D.GBP.EUR.SP00.A,D,GBP,EUR,SP00,A,2020-03-03,0.8701,A,F,,,P1D,,A,,,,,,,99Q1=100,,,5,,4F0,,Pound sterling/Euro ECB reference exchange rate,"ECB reference exchange rate, Pound sterling/Euro, 2.15 pm (C.E.T.)",GBP,0
44,EXR.D.GBP.EUR.SP00.A,D,GBP,EUR,SP00,A,2020-03-04,0.8685,A,F,,,P1D,,A,,,,,,,99Q1=100,,,5,,4F0,,Pound sterling/Euro ECB reference exchange rate,"ECB reference exchange rate, Pound sterling/Euro, 2.15 pm (C.E.T.)",GBP,0
45,EXR.D.GBP.EUR.SP00.A,D,GBP,EUR,SP00,A,2020-03-05,0.8667,A,F,,,P1D,,A,,,,,,,99Q1=100,,,5,,4F0,,Pound sterling/Euro ECB reference exchange rate,"ECB reference exchange rate, Pound sterling/Euro, 2.15 pm (C.E.T.)",GBP,0
46,EXR.D.GBP.EUR.SP00.A,D,GBP,EUR,SP00,A,2020-03-06,0.87165,A,F,,,P1D,,A,,,,,,,99Q1=100,,,5,,4F0,,Pound sterling/Euro ECB reference exchange rate,"ECB reference exchange rate, Pound sterling/Euro, 2.15 pm (C.E.T.)",GBP,0
47,EXR.D.GBP.EUR.SP00.A,D,GBP,EUR,SP00,A,2020-03-09,0.87383,A,F,,,P1D,,A,,,,,,,99Q1=100,,,5,,4F0,,Pound sterling/Euro ECB reference exchange rate,"ECB reference exchange rate, Pound sterling/Euro, 2.15 pm (C.E.T.)",GBP,0
48,EXR.D.GBP.EUR.SP00.A,D,GBP,EUR,SP00,A,2020-03-10,0.87385,A,F,,,P1D,,A,,,,,,,99Q1=100,,,5,,4F0,,Pound sterling/Euro ECB reference exchange rate,"ECB reference exchange rate, Pound sterling/Euro, 2.15 pm (C.E.T.)",GBP,0
49,EXR.D.GBP.EUR.SP00.A,D,GBP,EUR,SP00,A,2020-03-11,0.8769,A,F,,,P1D,,A,,,,,,,99Q1=100,,,5,,4F0,,Pound sterling/Euro ECB reference exchange rate,"ECB reference exchange rate, Pound sterling/Euro, 2.15 pm (C.E.T.)",GBP,0
50,EXR.D.GBP.EUR.SP00.A,D,GBP,EUR,SP00,A,2020-03-12,0.88623,A,F,,,P1D,,A,,,,,,,99Q1=100,,,5,,4F0,,Pound sterling/Euro ECB reference exchange rate,"ECB reference exchange rate, Pound sterling/Euro, 2.15 pm (C.E.T.)",GBP,0
51,EXR.D.GBP.EUR.SP00.A,D,GBP,EUR,SP00,A,2020-03-13,0.8907,A,F,,,P1D,,A,,,,,,,99Q1=100,,,5,,4F0,,Pound sterling/Euro ECB reference exchange rate,"ECB reference exchange rate, Pound sterling/Euro, 2.15 pm (C.E.T.)",GBP,0
52,EXR.D.GBP.EUR.SP00.A,D,GBP,EUR,SP00,A,2020-03-16,0.90918,A,F,,,P1D,,A,,,,,,,99Q1=100,,,5,,4F0,,Pound sterling/Euro ECB reference exchange rate,"ECB reference exchange rate, Pound sterling/Euro, 2.15 pm (C.E.T.)",GBP,0
53,EXR.D.GBP.EUR.SP00.A,D,GBP,EUR,SP00,A,2020-03-17,0.90823,A,F,,,P1D,,A,,,,,,,99Q1=100,,,5,,4F0,,Pound sterling/Euro ECB reference exchange rate,"ECB reference exchange rate, Pound sterling/Euro, 2.15 pm (C.E.T.)",GBP,0
54,EXR.D.GBP.EUR.SP00.A,D,GBP,EUR,SP00,A,2020-03-18,0.9219,A,F,,,P1D,,A,,,,,,,99Q1=100,,,5,,4F0,,Pound sterling/Euro ECB reference exchange rate,"ECB reference exchange rate, Pound sterling/Euro, 2.15 pm (C.E.T.)",GBP,0
55,EXR.D.GBP.EUR.SP00.A,D,GBP,EUR,SP00,A,2020-03-19,0.92985,A,F,,,P1D,,A,,,,,,,99Q1=100,,,5,,4F0,,Pound sterling/Euro ECB reference exchange rate,"ECB reference exchange rate, Pound sterling/Euro, 2.15 pm (C.E.T.)",GBP,0
56,EXR.D.GBP.EUR.SP00.A,D,GBP,EUR,SP00,A,2020-03-20,0.91028,A,F,,,P1D,,A,,,,,,,99Q1=100,,,5,,4F0,,Pound sterling/Euro ECB reference exchange rate,"ECB reference exchange rate, Pound sterling/Euro, 2.15 pm (C.E.T.)",GBP,0
57,EXR.D.GBP.EUR.SP00.A,D,GBP,EUR,SP00,A,2020-03-23,0.9297,A,F,,,P1D,,A,,,,,,,99Q1=100,,,5,,4F0,,Pound sterling/Euro ECB reference exchange rate,"ECB reference exchange rate, Pound sterling/Euro, 2.15 pm (C.E.T.)",GBP,0
58,EXR.D.GBP.EUR.SP00.A,D,GBP,EUR,SP00,A,2020-03-24,0.921,A,F,,,P1D,,A,,,,,,,99Q1=100,,,5,,4F0,,Pound sterling/Euro ECB reference exchange rate,"ECB reference exchange rate, Pound sterling/Euro, 2.15 pm (C.E.T.)",GBP,0
59,EXR.D.GBP.EUR.SP00.A,D,GBP,EUR,SP00,A,2020-03-25,0.91503,A,F,,,P1D,,A,,,,,,,99Q1=100,,,5,,4F0,,Pound sterling/Euro ECB reference exchange rate,"ECB reference exchange rate, Pound sterling/Euro, 2.15 pm (C.E.T.)",GBP,0
60,EXR.D.GBP.EUR.SP00.A,D,GBP,EUR,SP00,A,2020-03-26,0.91348,A,F,,,P1D,,A,,,,,,,99Q1=100,,,5,,4F0,,Pound sterling/Euro ECB reference exchange rate,"ECB reference exchange rate, Pound sterling/Euro, 2.15 pm (C.E.T.)",GBP,0
61,EXR.D.GBP.EUR.SP00.A,D,GBP,EUR,SP00,A,2020-03-27,0.89743,A,F,,,P1D,,A,,,,,,,99Q1=100,,,5,,4F0,,Pound sterling/Euro ECB reference exchange rate,"ECB reference exchange rate, Pound sterling/Euro, 2.15 pm (C.E.T.)",GBP,0
62,EXR.D.GBP.EUR.SP00.A,D,GBP,EUR,SP00,A,2020-03-30,0.889,A,F,,,P1D,,A,,,,,,,99Q1=100,,,5,,4F0,,Pound sterling/Euro ECB reference exchange rate,"ECB reference exchange rate, Pound sterling/Euro, 2.15 pm (C.E.T.)",GBP,0
63,EXR.D.GBP.EUR.SP00.A,D,GBP,EUR,SP00,A,2020-03-31,0.88643,A,F,,,P1D,,A,,,,,,,99Q1=100,,,5,,4F0,,Pound sterling/Euro ECB reference exchange rate,"ECB reference exchange rate, Pound sterling/Euro, 2.15 pm (C.E.T.)",GBP,0
64,EXR.D.GBP.EUR.SP00.A,D,GBP,EUR,SP00,A,2020-04-01,0.8846,A,F,,,P1D,,A,,,,,,,99Q1=100,,,5,,4F0,,Pound sterling/Euro ECB reference exchange rate,"ECB reference exchange rate, Pound sterling/Euro, 2.15 pm (C.E.T.)",GBP,0
65,EXR.D.GBP.EUR.SP00.A,D,GBP,EUR,SP00,A,2020-04-02,0.87738,A,F,,,P1D,,A,,,,,,,99Q1=100,,,5,,4F0,,Pound sterling/Euro ECB reference exchange rate,"ECB reference exchange rate, Pound sterling/Euro, 2.15 pm (C.E.T.)",GBP,0
66,EXR.D.GBP.EUR.SP00.A,D,GBP,EUR,SP00,A,2020-04-03,0.8785,A,F,,,P1D,,A,,,,,,,99Q1=100,,,5,,4F0,,Pound sterling/Euro ECB reference exchange rate,"ECB reference exchange rate, Pound sterling/Euro, 2.15 pm (C.E.T.)",GBP,0
67,EXR.D.GBP.EUR.SP00.A,D,GBP,EUR,SP00,A,2020-04-06,0.878,A,F,,,P1D,,A,,,,,,,99Q1=100,,,5,,4F0,,Pound sterling/Euro ECB reference exchange rate,"ECB reference exchange rate, Pound sterling/Euro, 2.15 pm (C.E.T.)",GBP,0
68,EXR.D.GBP.EUR.SP00.A,D,GBP,EUR,SP00,A,2020-04-07,0.88093,A,F,,,P1D,,A,,,,,,,99Q1=100,,,5,,4F0,,Pound sterling/Euro ECB reference exchange rate,"ECB reference exchange rate, Pound sterling/Euro, 2.15 pm (C.E.T.)",GBP,0
69,EXR.D.GBP.EUR.SP00.A,D,GBP,EUR,SP00,A,2020-04-08,0.87948,A,F,,,P1D,,A,,,,,,,99Q1=100,,,5,,4F0,,Pound sterling/Euro ECB reference exchange rate,"ECB reference exchange rate, Pound sterling/Euro, 2.15 pm (C.E.T.)",GBP,0
70,EXR.D.GBP.EUR.SP00.A,D,GBP,EUR,SP00,A,2020-04-09,0.87565,A,F,,,P1D,,A,,,,,,,99Q1=100,,,5,,4F0,,Pound sterling/Euro ECB reference exchange rate,"ECB reference exchange rate, Pound sterling/Euro, 2.15 pm (C.E.T.)",GBP,0
71,EXR.D.GBP.EUR.SP00.A,D,GBP,EUR,SP00,A,2020-04-14,0.87253,A,F,,,P1D,,A,,,,,,,99Q1=100,,,5,,4F0,,Pound sterling/Euro ECB reference exchange rate,"ECB reference exchange rate, Pound sterling/Euro, 2.15 pm (C.E.T.)",GBP,0
72,EXR.D.GBP.EUR.SP00.A,D,GBP,EUR,SP00,A,2020-04-15,0.87385,A,F,,,P1D,,A,,,,,,,99Q1=100,,,5,,4F0,,Pound sterling/Euro ECB reference exchange rate,"ECB reference exchange rate, Pound sterling/Euro, 2.15 pm (C.E.T.)",GBP,0
73,EXR.D.GBP.EUR.SP00.A,D,GBP,EUR,SP00,A,2020-04-16,0.87163,A,F,,,P1D,,A,,,,,,,99Q1=100,,,5,,4F0,,Pound sterling/Euro ECB reference exchange rate,"ECB reference exchange rate, Pound sterling/Euro, 2.15 pm (C.E.T.)",GBP,0
74,EXR.D.GBP.EUR.SP00.A,D,GBP,EUR,SP00,A,2020-04-17,0.86978,A,F,,,P1D,,A,,,,,,,99Q1=100,,,5,,4F0,,Pound sterling/Euro ECB reference exchange rate,"ECB reference exchange rate, Pound sterling/Euro, 2.15 pm (C.E.T.)",GBP,0
75,EXR.D.GBP.EUR.SP00.A,D,GBP,EUR,SP00,A,2020-04-20,0.87343,A,F,,,P1D,,A,,,,,,,99Q1=100,,,5,,4F0,,Pound sterling/Euro ECB reference exchange rate,"ECB reference exchange rate, Pound sterling/Euro, 2.15 pm (C.E.T.)",GBP,0
76,EXR.D.GBP.EUR.SP00.A,D,GBP,EUR,SP00,A,2020-04-21,0.8812,A,F,,,P1D,,A,,,,,,,99Q1=100,,,5,,4F0,,Pound sterling/Euro ECB reference exchange rate,"ECB reference exchange rate, Pound sterling/Euro, 2.15 pm (C.E.T.)",GBP,0
77,EXR.D.GBP.EUR.SP00.A,D,GBP,EUR,SP00,A,2020-04-22,0.8792,A,F,,,P1D,,A,,,,,,,99Q1=100,,,5,,4F0,,Pound sterling/Euro ECB reference exchange rate,"ECB reference exchange rate, Pound sterling/Euro, 2.15 pm (C.E.T.)",GBP,0
78,EXR.D.GBP.EUR.SP00.A,D,GBP,EUR,SP00,A,2020-04-23,0.872,A,F,,,P1D,,A,,,,,,,99Q1=100,,,5,,4F0,,Pound sterling/Euro ECB reference exchange rate,"ECB reference exchange rate, Pound sterling/Euro, 2.15 pm (C.E.T.)",GBP,0
79,EXR.D.GBP.EUR.SP00.A,D,GBP,EUR,SP00,A,2020-04-24,0.87498,A,F,,,P1D,,A,,,,,,,99Q1=100,,,5,,4F0,,Pound sterling/Euro ECB reference exchange rate,"ECB reference exchange rate, Pound sterling/Euro, 2.15 pm (C.E.T.)",GBP,0
80,EXR.D.GBP.EUR.SP00.A,D,GBP,EUR,SP00,A,2020-04-27,0.87263,A,F,,,P1D,,A,,,,,,,99Q1=100,,,5,,4F0,,Pound sterling/Euro ECB reference exchange rate,"ECB reference exchange rate, Pound sterling/Euro, 2.15 pm (C.E.T.)",GBP,0
81,EXR.D.GBP.EUR.SP00.A,D,GBP,EUR,SP00,A,2020-04-28,0.87078,A,F,,,P1D,,A,,,,,,,99Q1=100,,,5,,4F0,,Pound sterling/Euro ECB reference exchange rate,"ECB reference exchange rate, Pound sterling/Euro, 2.15 pm (C.E.T.)",GBP,0
82,EXR.D.GBP.EUR.SP00.A,D,GBP,EUR,SP00,A,2020-04-29,0.87378,A,F,,,P1D,,A,,,,,,,99Q1=100,,,5,,4F0,,Pound sterling/Euro ECB reference exchange rate,"ECB reference exchange rate, Pound sterling/Euro, 2.15 pm (C.E.T.)",GBP,0
83,EXR.D.GBP.EUR.SP00.A,D,GBP,EUR,SP00,A,2020-04-30,0.86905,A,F,,,P1D,,A,,,,,,,99Q1=100,,,5,,4F0,,Pound sterling/Euro ECB reference exchange rate,"ECB reference exchange rate, Pound sterling/Euro, 2.15 pm (C.E.T.)",GBP,0
84,EXR.D.GBP.EUR.SP00.A,D,GBP,EUR,SP00,A,2020-05-04,0.87898,A,F,,,P1D,,A,,,,,,,99Q1=100,,,5,,4F0,,Pound sterling/Euro ECB reference exchange rate,"ECB reference exchange rate, Pound sterling/Euro, 2.15 pm (C.E.T.)",GBP,0
85,EXR.D.GBP.EUR.SP00.A,D,GBP,EUR,SP00,A,2020-05-05,0.8706,A,F,,,P1D,,A,,,,,,,99Q1=100,,,5,,4F0,,Pound sterling/Euro ECB reference exchange rate,"ECB reference exchange rate, Pound sterling/Euro, 2.15 pm (C.E.T.)",GBP,0
86,EXR.D.GBP.EUR.SP00.A,D,GBP,EUR,SP00,A,2020-05-06,0.87253,A,F,,,P1D,,A,,,,,,,99Q1=100,,,5,,4F0,,Pound sterling/Euro ECB reference exchange rate,"ECB reference exchange rate, Pound sterling/Euro, 2.15 pm (C.E.T.)",GBP,0
87,EXR.D.GBP.EUR.SP00.A,D,GBP,EUR,SP00,A,2020-05-07,0.87478,A,F,,,P1D,,A,,,,,,,99Q1=100,,,5,,4F0,,Pound sterling/Euro ECB reference exchange rate,"ECB reference exchange rate, Pound sterling/Euro, 2.15 pm (C.E.T.)",GBP,0
88,EXR.D.GBP.EUR.SP00.A,D,GBP,EUR,SP00,A,2020-05-08,0.87535,A,F,,,P1D,,A,,,,,,,99Q1=100,,,5,,4F0,,Pound sterling/Euro ECB reference exchange rate,"ECB reference exchange rate, Pound sterling/Euro, 2.15 pm (C.E.T.)",GBP,0
89,EXR.D.GBP.EUR.SP00.A,D,GBP,EUR,SP00,A,2020-05-11,0.87875,A,F,,,P1D,,A,,,,,,,99Q1=100,,,5,,4F0,,Pound sterling/Euro ECB reference exchange rate,"ECB reference exchange rate, Pound sterling/Euro, 2.15 pm (C.E.T.)",GBP,0
90,EXR.D.GBP.EUR.SP00.A,D,GBP,EUR,SP00,A,2020-05-12,0.87773,A,F,,,P1D,,A,,,,,,,99Q1=100,,,5,,4F0,,Pound sterling/Euro ECB reference exchange rate,"ECB reference exchange rate, Pound sterling/Euro, 2.15 pm (C.E.T.)",GBP,0
91,EXR.D.GBP.EUR.SP00.A,D,GBP,EUR,SP00,A,2020-05-13,0.88245,A,F,,,P1D,,A,,,,,,,99Q1=100,,,5,,4F0,,Pound sterling/Euro ECB reference exchange rate,"ECB reference exchange rate, Pound sterling/Euro, 2.15 pm (C.E.T.)",GBP,0
92,EXR.D.GBP.EUR.SP00.A,D,GBP,EUR,SP00,A,2020-05-14,0.88495,A,F,,,P1D,,A,,,,,,,99Q1=100,,,5,,4F0,,Pound sterling/Euro ECB reference exchange rate,"ECB reference exchange rate, Pound sterling/Euro, 2.15 pm (C.E.T.)",GBP,0
93,EXR.D.GBP.EUR.SP00.A,D,GBP,EUR,SP00,A,2020-05-15,0.88738,A,F,,,P1D,,A,,,,,,,99Q1=100,,,5,,4F0,,Pound sterling/Euro ECB reference exchange rate,"ECB reference exchange rate, Pound sterling/Euro, 2.15 pm (C.E.T.)",GBP,0
94,EXR.D.GBP.EUR.SP00.A,D,GBP,EUR,SP00,A,2020-05-18,0.89153,A,F,,,P1D,,A,,,,,,,99Q1=100,,,5,,4F0,,Pound sterling/Euro ECB reference exchange rate,"ECB reference exchange rate, Pound sterling/Euro, 2.15 pm (C.E.T.)",GBP,0
95,EXR.D.GBP.EUR.SP00.A,D,GBP,EUR,SP00,A,2020-05-19,0.89535,A,F,,,P1D,,A,,,,,,,99Q1=100,,,5,,4F0,,Pound sterling/Euro ECB reference exchange rate,"ECB reference exchange rate, Pound sterling/Euro, 2.15 pm (C.E.T.)",GBP,0
96,EXR.D.GBP.EUR.SP00.A,D,GBP,EUR,SP00,A,2020-05-20,0.89358,A,F,,,P1D,,A,,,,,,,99Q1=100,,,5,,4F0,,Pound sterling/Euro ECB reference exchange rate,"ECB reference exchange rate, Pound sterling/Euro, 2.15 pm (C.E.T.)",GBP,0
97,EXR.D.GBP.EUR.SP00.A,D,GBP,EUR,SP00,A,2020-05-21,0.89943,A,F,,,P1D,,A,,,,,,,99Q1=100,,,5,,4F0,,Pound sterling/Euro ECB reference exchange rate,"ECB reference exchange rate, Pound sterling/Euro, 2.15 pm (C.E.T.)",GBP,0
98,EXR.D.GBP.EUR.SP00.A,D,GBP,EUR,SP00,A,2020-05-22,0.89563,A,F,,,P1D,,A,,,,,,,99Q1=100,,,5,,4F0,,Pound sterling/Euro ECB reference exchange rate,"ECB reference exchange rate, Pound sterling/Euro, 2.15 pm (C.E.T.)",GBP,0
99,EXR.D.GBP.EUR.SP00.A,D,GBP,EUR,SP00,A,2020-05-25,0.89515,A,F,,,P1D,,A,,,,,,,99Q1=100,,,5,,4F0,,Pound sterling/Euro ECB reference exchange rate,"ECB reference exchange rate, Pound sterling/Euro, 2.15 pm (C.E.T.)",GBP,0
100,EXR.D.GBP.EUR.SP00.A,D,GBP,EUR,SP00,A,2020-05-26,0.88878,A,F,,,P1D,,A,,,,,,,99Q1=100,,,5,,4F0,,Pound sterling/Euro ECB reference exchange rate,"ECB reference exchange rate, Pound sterling/Euro, 2.15 pm (C.E.T.)",GBP,0
101,EXR.D.GBP.EUR.SP00.A,D,GBP,EUR,SP00,A,2020-05-27,0.89595,A,F,,,P1D,,A,,,,,,,99Q1=100,,,5,,4F0,,Pound sterling/Euro ECB reference exchange rate,"ECB reference exchange rate, Pound sterling/Euro, 2.15 pm (C.E.T.)",GBP,0
102,EXR.D.GBP.EUR.SP00.A,D,GBP,EUR,SP00,A,2020-05-28,0.89728,A,F,,,P1D,,A,,,,,,,99Q1=100,,,5,,4F0,,Pound sterling/Euro ECB reference exchange rate,"ECB reference exchange rate, Pound sterling/Euro, 2.15 pm (C.E.T.)",GBP,0
103,EXR.D.GBP.EUR.SP00.A,D,GBP,EUR,SP00,A,2020-05-29,0.90088,A,F,,,P1D,,A,,,,,,,99Q1=100,,,5,,4F0,,Pound sterling/Euro ECB reference exchange rate,"ECB reference exchange rate, Pound sterling/Euro, 2.15 pm (C.E.T.)",GBP,0
104,EXR.D.GBP.EUR.SP00.A,D,GBP,EUR,SP00,A,2020-06-01,0.89673,A,F,,,P1D,,A,,,,,,,99Q1=100,,,5,,4F0,,Pound sterling/Euro ECB reference exchange rate,"ECB reference exchange rate, Pound sterling/Euro, 2.15 pm (C.E.T.)",GBP,0
105,EXR.D.GBP.EUR.SP00.A,D,GBP,EUR,SP00,A,2020-06-02,0.89083,A,F,,,P1D,,A,,,,,,,99Q1=100,,,5,,4F0,,Pound sterling/Euro ECB reference exchange rate,"ECB reference exchange rate, Pound sterling/Euro, 2.15 pm (C.E.T.)",GBP,0
106,EXR.D.GBP.EUR.SP00.A,D,GBP,EUR,SP00,A,2020-06-03,0.89065,A,F,,,P1D,,A,,,,,,,99Q1=100,,,5,,4F0,,Pound sterling/Euro ECB reference exchange rate,"ECB reference exchange rate, Pound sterling/Euro, 2.15 pm (C.E.T.)",GBP,0
107,EXR.D.GBP.EUR.SP00.A,D,GBP,EUR,SP00,A,2020-06-04,0.89685,A,F,,,P1D,,A,,,,,,,99Q1=100,,,5,,4F0,,Pound sterling/Euro ECB reference exchange rate,"ECB reference exchange rate, Pound sterling/Euro, 2.15 pm (C.E.T.)",GBP,0
108,EXR.D.GBP.EUR.SP00.A,D,GBP,EUR,SP00,A,2020-06-05,0.89448,A,F,,,P1D,,A,,,,,,,99Q1=100,,,5,,4F0,,Pound sterling/Euro ECB reference exchange rate,"ECB reference exchange rate, Pound sterling/Euro, 2.15 pm (C.E.T.)",GBP,0
109,EXR.D.GBP.EUR.SP00.A,D,GBP,EUR,SP00,A,2020-06-08,0.89173,A,F,,,P1D,,A,,,,,,,99Q1=100,,,5,,4F0,,Pound sterling/Euro ECB reference exchange rate,"ECB reference exchange rate, Pound sterling/Euro, 2.15 pm (C.E.T.)",GBP,0
110,EXR.D.GBP.EUR.SP00.A,D,GBP,EUR,SP00,A,2020-06-09,0.8912,A,F,,,P1D,,A,,,,,,,99Q1=100,,,5,,4F0,,Pound sterling/Euro ECB reference exchange rate,"ECB reference exchange rate, Pound sterling/Euro, 2.15 pm (C.E.T.)",GBP,0
111,EXR.D.GBP.EUR.SP00.A,D,GBP,EUR,SP00,A,2020-06-10,0.88963,A,F,,,P1D,,A,,,,,,,99Q1=100,,,5,,4F0,,Pound sterling/Euro ECB reference exchange rate,"ECB reference exchange rate, Pound sterling/Euro, 2.15 pm (C.E.T.)",GBP,0
112,EXR.D.GBP.EUR.SP00.A,D,GBP,EUR,SP00,A,2020-06-11,0.89665,A,F,,,P1D,,A,,,,,,,99Q1=100,,,5,,4F0,,Pound sterling/Euro ECB reference exchange rate,"ECB reference exchange rate, Pound sterling/Euro, 2.15 pm (C.E.T.)",GBP,0
113,EXR.D.GBP.EUR.SP00.A,D,GBP,EUR,SP00,A,2020-06-12,0.89653,A,F,,,P1D,,A,,,,,,,99Q1=100,,,5,,4F0,,Pound sterling/Euro ECB reference exchange rate,"ECB reference exchange rate, Pound sterling/Euro, 2.15 pm (C.E.T.)",GBP,0
114,EXR.D.GBP.EUR.SP00.A,D,GBP,EUR,SP00,A,2020-06-15,0.89648,A,F,,,P1D,,A,,,,,,,99Q1=100,,,5,,4F0,,Pound sterling/Euro ECB reference exchange rate,"ECB reference exchange rate, Pound sterling/Euro, 2.15 pm (C.E.T.)",GBP,0
115,EXR.D.GBP.EUR.SP00.A,D,GBP,EUR,SP00,A,2020-06-16,0.8937,A,F,,,P1D,,A,,,,,,,99Q1=100,,,5,,4F0,,Pound sterling/Euro ECB reference exchange rate,"ECB reference exchange rate, Pound sterling/Euro, 2.15 pm (C.E.T.)",GBP,0
116,EXR.D.GBP.EUR.SP00.A,D,GBP,EUR,SP00,A,2020-06-17,0.89448,A,F,,,P1D,,A,,,,,,,99Q1=100,,,5,,4F0,,Pound sterling/Euro ECB reference exchange rate,"ECB reference exchange rate, Pound sterling/Euro, 2.15 pm (C.E.T.)",GBP,0
117,EXR.D.GBP.EUR.SP00.A,D,GBP,EUR,SP00,A,2020-06-18,0.90028,A,F,,,P1D,,A,,,,,,,99Q1=100,,,5,,4F0,,Pound sterling/Euro ECB reference exchange rate,"ECB reference exchange rate, Pound sterling/Euro, 2.15 pm (C.E.T.)",GBP,0
118,EXR.D.GBP.EUR.SP00.A,D,GBP,EUR,SP00,A,2020-06-19,0.90505,A,F,,,P1D,,A,,,,,,,99Q1=100,,,5,,4F0,,Pound sterling/Euro ECB reference exchange rate,"ECB reference exchange rate, Pound sterling/Euro, 2.15 pm (C.E.T.)",GBP,0
119,EXR.D.GBP.EUR.SP00.A,D,GBP,EUR,SP00,A,2020-06-22,0.90328,A,F,,,P1D,,A,,,,,,,99Q1=100,,,5,,4F0,,Pound sterling/Euro ECB reference exchange rate,"ECB reference exchange rate, Pound sterling/Euro, 2.15 pm (C.E.T.)",GBP,0
120,EXR.D.GBP.EUR.SP00.A,D,GBP,EUR,SP00,A,2020-06-23,0.9063,A,F,,,P1D,,A,,,,,,,99Q1=100,,,5,,4F0,,Pound sterling/Euro ECB reference exchange rate,"ECB reference exchange rate, Pound sterling/Euro, 2.15 pm (C.E.T.)",GBP,0
121,EXR.D.GBP.EUR.SP00.A,D,GBP,EUR,SP00,A,2020-06-24,0.90343,A,F,,,P1D,,A,,,,,,,99Q1=100,,,5,,4F0,,Pound sterling/Euro ECB reference exchange rate,"ECB reference exchange rate, Pound sterling/Euro, 2.15 pm (C.E.T.)",GBP,0
122,EXR.D.GBP.EUR.SP00.A,D,GBP,EUR,SP00,A,2020-06-25,0.90133,A,F,,,P1D,,A,,,,,,,99Q1=100,,,5,,4F0,,Pound sterling/Euro ECB reference exchange rate,"ECB reference exchange rate, Pound sterling/Euro, 2.15 pm (C.E.T.)",GBP,0
123,EXR.D.GBP.EUR.SP00.A,D,GBP,EUR,SP00,A,2020-06-26,0.90575,A,F,,,P1D,,A,,,,,,,99Q1=100,,,5,,4F0,,Pound sterling/Euro ECB reference exchange rate,"ECB reference exchange rate, Pound sterling/Euro, 2.15 pm (C.E.T.)",GBP,0
124,EXR.D.GBP.EUR.SP00.A,D,GBP,EUR,SP00,A,2020-06-29,0.9154,A,F,,,P1D,,A,,,,,,,99Q1=100,,,5,,4F0,,Pound sterling/Euro ECB reference exchange rate,"ECB reference exchange rate, Pound sterling/Euro, 2.15 pm (C.E.T.)",GBP,0
125,EXR.D.GBP.EUR.SP00.A,D,GBP,EUR,SP00,A,2020-06-30,0.91243,A,F,,,P1D,,A,,,,,,,99Q1=100,,,5,,4F0,,Pound sterling/Euro ECB reference exchange rate,"ECB reference exchange rate, Pound sterling/Euro, 2.15 pm (C.E.T.)",GBP,0
126,EXR.D.GBP.EUR.SP00.A,D,GBP,EUR,SP00,A,2020-07-01,0.9043,A,F,,,P1D,,A,,,,,,,99Q1=100,,,5,,4F0,,Pound sterling/Euro ECB reference exchange rate,"ECB reference exchange rate, Pound sterling/Euro, 2.15 pm (C.E.T.)",GBP,0
127,EXR.D.GBP.EUR.SP00.A,D,GBP,EUR,SP00,A,2020-07-02,0.90225,A,F,,,P1D,,A,,,,,,,99Q1=100,,,5,,4F0,,Pound sterling/Euro ECB reference exchange rate,"ECB reference exchange rate, Pound sterling/Euro, 2.15 pm (C.E.T.)",GBP,0
128,EXR.D.GBP.EUR.SP00.A,D,GBP,EUR,SP00,A,2020-07-03,0.9012,A,F,,,P1D,,A,,,,,,,99Q1=100,,,5,,4F0,,Pound sterling/Euro ECB reference exchange rate,"ECB reference exchange rate, Pound sterling/Euro, 2.15 pm (C.E.T.)",GBP,0
129,EXR.D.GBP.EUR.SP00.A,D,GBP,EUR,SP00,A,2020-07-06,0.90505,A,F,,,P1D,,A,,,,,,,99Q1=100,,,5,,4F0,,Pound sterling/Euro ECB reference exchange rate,"ECB reference exchange rate, Pound sterling/Euro, 2.15 pm (C.E.T.)",GBP,0
130,EXR.D.GBP.EUR.SP00.A,D,GBP,EUR,SP00,A,2020-07-07,0.9015,A,F,,,P1D,,A,,,,,,,99Q1=100,,,5,,4F0,,Pound sterling/Euro ECB reference exchange rate,"ECB reference exchange rate, Pound sterling/Euro, 2.15 pm (C.E.T.)",GBP,0
131,EXR.D.GBP.EUR.SP00.A,D,GBP,EUR,SP00,A,2020-07-08,0.89923,A,F,,,P1D,,A,,,,,,,99Q1=100,,,5,,4F0,,Pound sterling/Euro ECB reference exchange rate,"ECB reference exchange rate, Pound sterling/Euro, 2.15 pm (C.E.T.)",GBP,0
132,EXR.D.GBP.EUR.SP00.A,D,GBP,EUR,SP00,A,2020-07-09,0.89655,A,F,,,P1D,,A,,,,,,,99Q1=100,,,5,,4F0,,Pound sterling/Euro ECB reference exchange rate,"ECB reference exchange rate, Pound sterling/Euro, 2.15 pm (C.E.T.)",GBP,0
133,EXR.D.GBP.EUR.SP00.A,D,GBP,EUR,SP00,A,2020-07-10,0.8957,A,F,,,P1D,,A,,,,,,,99Q1=100,,,5,,4F0,,Pound sterling/Euro ECB reference exchange rate,"ECB reference exchange rate, Pound sterling/Euro, 2.15 pm (C.E.T.)",GBP,0
134,EXR.D.GBP.EUR.SP00.A,D,GBP,EUR,SP00,A,2020-07-13,0.89938,A,F,,,P1D,,A,,,,,,,99Q1=100,,,5,,4F0,,Pound sterling/Euro ECB reference exchange rate,"ECB reference exchange rate, Pound sterling/Euro, 2.15 pm (C.E.T.)",GBP,0
135,EXR.D.GBP.EUR.SP00.A,D,GBP,EUR,SP00,A,2020-07-14,0.90778,A,F,,,P1D,,A,,,,,,,99Q1=100,,,5,,4F0,,Pound sterling/Euro ECB reference exchange rate,"ECB reference exchange rate, Pound sterling/Euro, 2.15 pm (C.E.T.)",GBP,0
136,EXR.D.GBP.EUR.SP00.A,D,GBP,EUR,SP00,A,2020-07-15,0.9054,A,F,,,P1D,,A,,,,,,,99Q1=100,,,5,,4F0,,Pound sterling/Euro ECB reference exchange rate,"ECB reference exchange rate, Pound sterling/Euro, 2.15 pm (C.E.T.)",GBP,0
137,EXR.D.GBP.EUR.SP00.A,D,GBP,EUR,SP00,A,2020-07-16,0.90875,A,F,,,P1D,,A,,,,,,,99Q1=100,,,5,,4F0,,Pound sterling/Euro ECB reference exchange rate,"ECB reference exchange rate, Pound sterling/Euro, 2.15 pm (C.E.T.)",GBP,0
138,EXR.D.GBP.EUR.SP00.A,D,GBP,EUR,SP00,A,2020-07-17,0.91078,A,F,,,P1D,,A,,,,,,,99Q1=100,,,5,,4F0,,Pound sterling/Euro ECB reference exchange rate,"ECB reference exchange rate, Pound sterling/Euro, 2.15 pm (C.E.T.)",GBP,0
139,EXR.D.GBP.EUR.SP00.A,D,GBP,EUR,SP00,A,2020-07-20,0.90575,A,F,,,P1D,,A,,,,,,,99Q1=100,,,5,,4F0,,Pound sterling/Euro ECB reference exchange rate,"ECB reference exchange rate, Pound sterling/Euro, 2.15 pm (C.E.T.)",GBP,0
140,EXR.D.GBP.EUR.SP00.A,D,GBP,EUR,SP00,A,2020-07-21,0.90055,A,F,,,P1D,,A,,,,,,,99Q1=100,,,5,,4F0,,Pound sterling/Euro ECB reference exchange rate,"ECB reference exchange rate, Pound sterling/Euro, 2.15 pm (C.E.T.)",GBP,0
141,EXR.D.GBP.EUR.SP00.A,D,GBP,EUR,SP00,A,2020-07-22,0.91123,A,F,,,P1D,,A,,,,,,,99Q1=100,,,5,,4F0,,Pound sterling/Euro ECB reference exchange rate,"ECB reference exchange rate, Pound sterling/Euro, 2.15 pm (C.E.T.)",GBP,0
142,EXR.D.GBP.EUR.SP00.A,D,GBP,EUR,SP00,A,2020-07-23,0.91195,A,F,,,P1D,,A,,,,,,,99Q1=100,,,5,,4F0,,Pound sterling/Euro ECB reference exchange rate,"ECB reference exchange rate, Pound sterling/Euro, 2.15 pm (C.E.T.)",GBP,0
143,EXR.D.GBP.EUR.SP00.A,D,GBP,EUR,SP00,A,2020-07-24,0.90985,A,F,,,P1D,,A,,,,,,,99Q1=100,,,5,,4F0,,Pound sterling/Euro ECB reference exchange rate,"ECB reference exchange rate, Pound sterling/Euro, 2.15 pm (C.E.T.)",GBP,0
144,EXR.D.GBP.EUR.SP00.A,D,GBP,EUR,SP00,A,2020-07-27,0.9134,A,F,,,P1D,,A,,,,,,,99Q1=100,,,5,,4F0,,Pound sterling/Euro ECB reference exchange rate,"ECB reference exchange rate, Pound sterling/Euro, 2.15 pm (C.E.T.)",GBP,0
145,EXR.D.GBP.EUR.SP00.A,D,GBP,EUR,SP00,A,2020-07-28,0.90968,A,F,,,P1D,,A,,,,,,,99Q1=100,,,5,,4F0,,Pound sterling/Euro ECB reference exchange rate,"ECB reference exchange rate, Pound sterling/Euro, 2.15 pm (C.E.T.)",GBP,0
146,EXR.D.GBP.EUR.SP00.A,D,GBP,EUR,SP00,A,2020-07-29,0.90385,A,F,,,P1D,,A,,,,,,,99Q1=100,,,5,,4F0,,Pound sterling/Euro ECB reference exchange rate,"ECB reference exchange rate, Pound sterling/Euro, 2.15 pm (C.E.T.)",GBP,0
147,EXR.D.GBP.EUR.SP00.A,D,GBP,EUR,SP00,A,2020-07-30,0.90268,A,F,,,P1D,,A,,,,,,,99Q1=100,,,5,,4F0,,Pound sterling/Euro ECB reference exchange rate,"ECB reference exchange rate, Pound sterling/Euro, 2.15 pm (C.E.T.)",GBP,0
148,EXR.D.GBP.EUR.SP00.A,D,GBP,EUR,SP00,A,2020-07-31,0.90053,A,F,,,P1D,,A,,,,,,,99Q1=100,,,5,,4F0,,Pound sterling/Euro ECB reference exchange rate,"ECB reference exchange rate, Pound sterling/Euro, 2.15 pm (C.E.T.)",GBP,0
149,EXR.D.GBP.EUR.SP00.A,D,GBP,EUR,SP00,A,2020-08-03,0.90013,A,F,,,P1D,,A,,,,,,,99Q1=100,,,5,,4F0,,Pound sterling/Euro ECB reference exchange rate,"ECB reference exchange rate, Pound sterling/Euro, 2.15 pm (C.E.T.)",GBP,0
150,EXR.D.GBP.EUR.SP00.A,D,GBP,EUR,SP00,A,2020-08-04,0.90335,A,F,,,P1D,,A,,,,,,,99Q1=100,,,5,,4F0,,Pound sterling/Euro ECB reference exchange rate,"ECB reference exchange rate, Pound sterling/Euro, 2.15 pm (C.E.T.)",GBP,0
151,EXR.D.GBP.EUR.SP00.A,D,GBP,EUR,SP00,A,2020-08-05,0.90265,A,F,,,P1D,,A,,,,,,,99Q1=100,,,5,,4F0,,Pound sterling/Euro ECB reference exchange rate,"ECB reference exchange rate, Pound sterling/Euro, 2.15 pm (C.E.T.)",GBP,0
152,EXR.D.GBP.EUR.SP00.A,D,GBP,EUR,SP00,A,2020-08-06,0.90033,A,F,,,P1D,,A,,,,,,,99Q1=100,,,5,,4F0,,Pound sterling/Euro ECB reference exchange rate,"ECB reference exchange rate, Pound sterling/Euro, 2.15 pm (C.E.T.)",GBP,0
153,EXR.D.GBP.EUR.SP00.A,D,GBP,EUR,SP00,A,2020-08-07,0.90373,A,F,,,P1D,,A,,,,,,,99Q1=100,,,5,,4F0,,Pound sterling/Euro ECB reference exchange rate,"ECB reference exchange rate, Pound sterling/Euro, 2.15 pm (C.E.T.)",GBP,0
154,EXR.D.GBP.EUR.SP00.A,D,GBP,EUR,SP00,A,2020-08-10,0.90155,A,F,,,P1D,,A,,,,,,,99Q1=100,,,5,,4F0,,Pound sterling/Euro ECB reference exchange rate,"ECB reference exchange rate, Pound sterling/Euro, 2.15 pm (C.E.T.)",GBP,0
155,EXR.D.GBP.EUR.SP00.A,D,GBP,EUR,SP00,A,2020-08-11,0.89843,A,F,,,P1D,,A,,,,,,,99Q1=100,,,5,,4F0,,Pound sterling/Euro ECB reference exchange rate,"ECB reference exchange rate, Pound sterling/Euro, 2.15 pm (C.E.T.)",GBP,0
156,EXR.D.GBP.EUR.SP00.A,D,GBP,EUR,SP00,A,2020-08-12,0.90475,A,F,,,P1D,,A,,,,,,,99Q1=100,,,5,,4F0,,Pound sterling/Euro ECB reference exchange rate,"ECB reference exchange rate, Pound sterling/Euro, 2.15 pm (C.E.T.)",GBP,0
157,EXR.D.GBP.EUR.SP00.A,D,GBP,EUR,SP00,A,2020-08-13,0.90373,A,F,,,P1D,,A,,,,,,,99Q1=100,,,5,,4F0,,Pound sterling/Euro ECB reference exchange rate,"ECB reference exchange rate, Pound sterling/Euro, 2.15 pm (C.E.T.)",GBP,0
158,EXR.D.GBP.EUR.SP00.A,D,GBP,EUR,SP00,A,2020-08-14,0.90173,A,F,,,P1D,,A,,,,,,,99Q1=100,,,5,,4F0,,Pound sterling/Euro ECB reference exchange rate,"ECB reference exchange rate, Pound sterling/Euro, 2.15 pm (C.E.T.)",GBP,0
159,EXR.D.GBP.EUR.SP00.A,D,GBP,EUR,SP00,A,2020-08-17,0.90625,A,F,,,P1D,,A,,,,,,,99Q1=100,,,5,,4F0,,Pound sterling/Euro ECB reference exchange rate,"ECB reference exchange rate, Pound sterling/Euro, 2.15 pm (C.E.T.)",GBP,0
160,EXR.D.GBP.EUR.SP00.A,D,GBP,EUR,SP00,A,2020-08-18,0.90375,A,F,,,P1D,,A,,,,,,,99Q1=100,,,5,,4F0,,Pound sterling/Euro ECB reference exchange rate,"ECB reference exchange rate, Pound sterling/Euro, 2.15 pm (C.E.T.)",GBP,0
161,EXR.D.GBP.EUR.SP00.A,D,GBP,EUR,SP00,A,2020-08-19,0.90345,A,F,,,P1D,,A,,,,,,,99Q1=100,,,5,,4F0,,Pound sterling/Euro ECB reference exchange rate,"ECB reference exchange rate, Pound sterling/Euro, 2.15 pm (C.E.T.)",GBP,0
162,EXR.D.GBP.EUR.SP00.A,D,GBP,EUR,SP00,A,2020-08-20,0.90173,A,F,,,P1D,,A,,,,,,,99Q1=100,,,5,,4F0,,Pound sterling/Euro ECB reference exchange rate,"ECB reference exchange rate, Pound sterling/Euro, 2.15 pm (C.E.T.)",GBP,0
163,EXR.D.GBP.EUR.SP00.A,D,GBP,EUR,SP00,A,2020-08-21,0.89755,A,F,,,P1D,,A,,,,,,,99Q1=100,,,5,,4F0,,Pound sterling/Euro ECB reference exchange rate,"ECB reference exchange rate, Pound sterling/Euro, 2.15 pm (C.E.T.)",GBP,0
164,EXR.D.GBP.EUR.SP00.A,D,GBP,EUR,SP00,A,2020-08-24,0.90175,A,F,,,P1D,,A,,,,,,,99Q1=100,,,5,,4F0,,Pound sterling/Euro ECB reference exchange rate,"ECB reference exchange rate, Pound sterling/Euro, 2.15 pm (C.E.T.)",GBP,0
165,EXR.D.GBP.EUR.SP00.A,D,GBP,EUR,SP00,A,2020-08-25,0.89945,A,F,,,P1D,,A,,,,,,,99Q1=100,,,5,,4F0,,Pound sterling/Euro ECB reference exchange rate,"ECB reference exchange rate, Pound sterling/Euro, 2.15 pm (C.E.T.)",GBP,0
166,EXR.D.GBP.EUR.SP00.A,D,GBP,EUR,SP00,A,2020-08-26,0.8969,A,F,,,P1D,,A,,,,,,,99Q1=100,,,5,,4F0,,Pound sterling/Euro ECB reference exchange rate,"ECB reference exchange rate, Pound sterling/Euro, 2.15 pm (C.E.T.)",GBP,0
167,EXR.D.GBP.EUR.SP00.A,D,GBP,EUR,SP00,A,2020-08-27,0.89505,A,F,,,P1D,,A,,,,,,,99Q1=100,,,5,,4F0,,Pound sterling/Euro ECB reference exchange rate,"ECB reference exchange rate, Pound sterling/Euro, 2.15 pm (C.E.T.)",GBP,0
168,EXR.D.GBP.EUR.SP00.A,D,GBP,EUR,SP00,A,2020-08-28,0.89468,A,F,,,P1D,,A,,,,,,,99Q1=100,,,5,,4F0,,Pound sterling/Euro ECB reference exchange rate,"ECB reference exchange rate, Pound sterling/Euro, 2.15 pm (C.E.T.)",GBP,0
169,EXR.D.GBP.EUR.SP00.A,D,GBP,EUR,SP00,A,2020-08-31,0.89605,A,F,,,P1D,,A,,,,,,,99Q1=100,,,5,,4F0,,Pound sterling/Euro ECB reference exchange rate,"ECB reference exchange rate, Pound sterling/Euro, 2.15 pm (C.E.T.)",GBP,0
170,EXR.D.GBP.EUR.SP00.A,D,GBP,EUR,SP00,A,2020-09-01,0.88975,A,F,,,P1D,,A,,,,,,,99Q1=100,,,5,,4F0,,Pound sterling/Euro ECB reference exchange rate,"ECB reference exchange rate, Pound sterling/Euro, 2.15 pm (C.E.T.)",GBP,0
171,EXR.D.GBP.EUR.SP00.A,D,GBP,EUR,SP00,A,2020-09-02,0.8884,A,F,,,P1D,,A,,,,,,,99Q1=100,,,5,,4F0,,Pound sterling/Euro ECB reference exchange rate,"ECB reference exchange rate, Pound sterling/Euro, 2.15 pm (C.E.T.)",GBP,0
172,EXR.D.GBP.EUR.SP00.A,D,GBP,EUR,SP00,A,2020-09-03,0.89135,A,F,,,P1D,,A,,,,,,,99Q1=100,,,5,,4F0,,Pound sterling/Euro ECB reference exchange rate,"ECB reference exchange rate, Pound sterling/Euro, 2.15 pm (C.E.T.)",GBP,0
173,EXR.D.GBP.EUR.SP00.A,D,GBP,EUR,SP00,A,2020-09-04,0.89325,A,F,,,P1D,,A,,,,,,,99Q1=100,,,5,,4F0,,Pound sterling/Euro ECB reference exchange rate,"ECB reference exchange rate, Pound sterling/Euro, 2.15 pm (C.E.T.)",GBP,0
174,EXR.D.GBP.EUR.SP00.A,D,GBP,EUR,SP00,A,2020-09-07,0.89835,A,F,,,P1D,,A,,,,,,,99Q1=100,,,5,,4F0,,Pound sterling/Euro ECB reference exchange rate,"ECB reference exchange rate, Pound sterling/Euro, 2.15 pm (C.E.T.)",GBP,0
175,EXR.D.GBP.EUR.SP00.A,D,GBP,EUR,SP00,A,2020-09-08,0.90453,A,F,,,P1D,,A,,,,,,,99Q1=100,,,5,,4F0,,Pound sterling/Euro ECB reference exchange rate,"ECB reference exchange rate, Pound sterling/Euro, 2.15 pm (C.E.T.)",GBP,0
176,EXR.D.GBP.EUR.SP00.A,D,GBP,EUR,SP00,A,2020-09-09,0.91213,A,F,,,P1D,,A,,,,,,,99Q1=100,,,5,,4F0,,Pound sterling/Euro ECB reference exchange rate,"ECB reference exchange rate, Pound sterling/Euro, 2.15 pm (C.E.T.)",GBP,0
177,EXR.D.GBP.EUR.SP00.A,D,GBP,EUR,SP00,A,2020-09-10,0.9159,A,F,,,P1D,,A,,,,,,,99Q1=100,,,5,,4F0,,Pound sterling/Euro ECB reference exchange rate,"ECB reference exchange rate, Pound sterling/Euro, 2.15 pm (C.E.T.)",GBP,0
178,EXR.D.GBP.EUR.SP00.A,D,GBP,EUR,SP00,A,2020-09-11,0.92408,A,F,,,P1D,,A,,,,,,,99Q1=100,,,5,,4F0,,Pound sterling/Euro ECB reference exchange rate,"ECB reference exchange rate, Pound sterling/Euro, 2.15 pm (C.E.T.)",GBP,0
179,EXR.D.GBP.EUR.SP00.A,D,GBP,EUR,SP00,A,2020-09-14,0.9219,A,F,,,P1D,,A,,,,,,,99Q1=100,,,5,,4F0,,Pound sterling/Euro ECB reference exchange rate,"ECB reference exchange rate, Pound sterling/Euro, 2.15 pm (C.E.T.)",GBP,0
180,EXR.D.GBP.EUR.SP00.A,D,GBP,EUR,SP00,A,2020-09-15,0.92095,A,F,,,P1D,,A,,,,,,,99Q1=100,,,5,,4F0,,Pound sterling/Euro ECB reference exchange rate,"ECB reference exchange rate, Pound sterling/Euro, 2.15 pm (C.E.T.)",GBP,0
181,EXR.D.GBP.EUR.SP00.A,D,GBP,EUR,SP00,A,2020-09-16,0.91423,A,F,,,P1D,,A,,,,,,,99Q1=100,,,5,,4F0,,Pound sterling/Euro ECB reference exchange rate,"ECB reference exchange rate, Pound sterling/Euro, 2.15 pm (C.E.T.)",GBP,0
182,EXR.D.GBP.EUR.SP00.A,D,GBP,EUR,SP00,A,2020-09-17,0.9153,A,F,,,P1D,,A,,,,,,,99Q1=100,,,5,,4F0,,Pound sterling/Euro ECB reference exchange rate,"ECB reference exchange rate, Pound sterling/Euro, 2.15 pm (C.E.T.)",GBP,0
183,EXR.D.GBP.EUR.SP00.A,D,GBP,EUR,SP00,A,2020-09-18,0.91318,A,F,,,P1D,,A,,,,,,,99Q1=100,,,5,,4F0,,Pound sterling/Euro ECB reference exchange rate,"ECB reference exchange rate, Pound sterling/Euro, 2.15 pm (C.E.T.)",GBP,0
184,EXR.D.GBP.EUR.SP00.A,D,GBP,EUR,SP00,A,2020-09-21,0.91608,A,F,,,P1D,,A,,,,,,,99Q1=100,,,5,,4F0,,Pound sterling/Euro ECB reference exchange rate,"ECB reference exchange rate, Pound sterling/Euro, 2.15 pm (C.E.T.)",GBP,0
185,EXR.D.GBP.EUR.SP00.A,D,GBP,EUR,SP00,A,2020-09-22,0.91743,A,F,,,P1D,,A,,,,,,,99Q1=100,,,5,,4F0,,Pound sterling/Euro ECB reference exchange rate,"ECB reference exchange rate, Pound sterling/Euro, 2.15 pm (C.E.T.)",GBP,0
186,EXR.D.GBP.EUR.SP00.A,D,GBP,EUR,SP00,A,2020-09-23,0.91885,A,F,,,P1D,,A,,,,,,,99Q1=100,,,5,,4F0,,Pound sterling/Euro ECB reference exchange rate,"ECB reference exchange rate, Pound sterling/Euro, 2.15 pm (C.E.T.)",GBP,0
187,EXR.D.GBP.EUR.SP00.A,D,GBP,EUR,SP00,A,2020-09-24,0.91228,A,F,,,P1D,,A,,,,,,,99Q1=100,,,5,,4F0,,Pound sterling/Euro ECB reference exchange rate,"ECB reference exchange rate, Pound sterling/Euro, 2.15 pm (C.E.T.)",GBP,0
188,EXR.D.GBP.EUR.SP00.A,D,GBP,EUR,SP00,A,2020-09-25,0.91343,A,F,,,P1D,,A,,,,,,,99Q1=100,,,5,,4F0,,Pound sterling/Euro ECB reference exchange rate,"ECB reference exchange rate, Pound sterling/Euro, 2.15 pm (C.E.T.)",GBP,0
189,EXR.D.GBP.EUR.SP00.A,D,GBP,EUR,SP00,A,2020-09-28,0.90508,A,F,,,P1D,,A,,,,,,,99Q1=100,,,5,,4F0,,Pound sterling/Euro ECB reference exchange rate,"ECB reference exchange rate, Pound sterling/Euro, 2.15 pm (C.E.T.)",GBP,0
190,EXR.D.GBP.EUR.SP00.A,D,GBP,EUR,SP00,A,2020-09-29,0.90963,A,F,,,P1D,,A,,,,,,,99Q1=100,,,5,,4F0,,Pound sterling/Euro ECB reference exchange rate,"ECB reference exchange rate, Pound sterling/Euro, 2.15 pm (C.E.T.)",GBP,0
191,EXR.D.GBP.EUR.SP00.A,D,GBP,EUR,SP00,A,2020-09-30,0.91235,A,F,,,P1D,,A,,,,,,,99Q1=100,,,5,,4F0,,Pound sterling/Euro ECB reference exchange rate,"ECB reference exchange rate, Pound sterling/Euro, 2.15 pm (C.E.T.)",GBP,0
192,EXR.D.GBP.EUR.SP00.A,D,GBP,EUR,SP00,A,2020-10-01,0.90723,A,F,,,P1D,,A,,,,,,,99Q1=100,,,5,,4F0,,Pound sterling/Euro ECB reference exchange rate,"ECB reference exchange rate, Pound sterling/Euro, 2.15 pm (C.E.T.)",GBP,0
193,EXR.D.GBP.EUR.SP00.A,D,GBP,EUR,SP00,A,2020-10-02,0.90673,A,F,,,P1D,,A,,,,,,,99Q1=100,,,5,,4F0,,Pound sterling/Euro ECB reference exchange rate,"ECB reference exchange rate, Pound sterling/Euro, 2.15 pm (C.E.T.)",GBP,0
194,EXR.D.GBP.EUR.SP00.A,D,GBP,EUR,SP00,A,2020-10-05,0.9081,A,F,,,P1D,,A,,,,,,,99Q1=100,,,5,,4F0,,Pound sterling/Euro ECB reference exchange rate,"ECB reference exchange rate, Pound sterling/Euro, 2.15 pm (C.E.T.)",GBP,0
195,EXR.D.GBP.EUR.SP00.A,D,GBP,EUR,SP00,A,2020-10-06,0.91058,A,F,,,P1D,,A,,,,,,,99Q1=100,,,5,,4F0,,Pound sterling/Euro ECB reference exchange rate,"ECB reference exchange rate, Pound sterling/Euro, 2.15 pm (C.E.T.)",GBP,0
196,EXR.D.GBP.EUR.SP00.A,D,GBP,EUR,SP00,A,2020-10-07,0.91413,A,F,,,P1D,,A,,,,,,,99Q1=100,,,5,,4F0,,Pound sterling/Euro ECB reference exchange rate,"ECB reference exchange rate, Pound sterling/Euro, 2.15 pm (C.E.T.)",GBP,0
197,EXR.D.GBP.EUR.SP00.A,D,GBP,EUR,SP00,A,2020-10-08,0.91035,A,F,,,P1D,,A,,,,,,,99Q1=100,,,5,,4F0,,Pound sterling/Euro ECB reference exchange rate,"ECB reference exchange rate, Pound sterling/Euro, 2.15 pm (C.E.T.)",GBP,0
198,EXR.D.GBP.EUR.SP00.A,D,GBP,EUR,SP00,A,2020-10-09,0.91167,A,F,,,P1D,,A,,,,,,,99Q1=100,,,5,,4F0,,Pound sterling/Euro ECB reference exchange rate,"ECB reference exchange rate, Pound sterling/Euro, 2.15 pm (C.E.T.)",GBP,0
199,EXR.D.GBP.EUR.SP00.A,D,GBP,EUR,SP00,A,2020-10-12,0.90598,A,F,,,P1D,,A,,,,,,,99Q1=100,,,5,,4F0,,Pound sterling/Euro ECB reference exchange rate,"ECB reference exchange rate, Pound sterling/Euro, 2.15 pm (C.E.T.)",GBP,0
200,EXR.D.GBP.EUR.SP00.A,D,GBP,EUR,SP00,A,2020-10-13,0.90591,A,F,,,P1D,,A,,,,,,,99Q1=100,,,5,,4F0,,Pound sterling/Euro ECB reference exchange rate,"ECB reference exchange rate, Pound sterling/Euro, 2.15 pm (C.E.T.)",GBP,0
201,EXR.D.GBP.EUR.SP00.A,D,GBP,EUR,SP00,A,2020-10-14,0.90395,A,F,,,P1D,,A,,,,,,,99Q1=100,,,5,,4F0,,Pound sterling/Euro ECB reference exchange rate,"ECB reference exchange rate, Pound sterling/Euro, 2.15 pm (C.E.T.)",GBP,0
202,EXR.D.GBP.EUR.SP00.A,D,GBP,EUR,SP00,A,2020-10-15,0.90535,A,F,,,P1D,,A,,,,,,,99Q1=100,,,5,,4F0,,Pound sterling/Euro ECB reference exchange rate,"ECB reference exchange rate, Pound sterling/Euro, 2.15 pm (C.E.T.)",GBP,0
203,EXR.D.GBP.EUR.SP00.A,D,GBP,EUR,SP00,A,2020-10-16,0.90915,A,F,,,P1D,,A,,,,,,,99Q1=100,,,5,,4F0,,Pound sterling/Euro ECB reference exchange rate,"ECB reference exchange rate, Pound sterling/Euro, 2.15 pm (C.E.T.)",GBP,0
204,EXR.D.GBP.EUR.SP00.A,D,GBP,EUR,SP00,A,2020-10-19,0.90588,A,F,,,P1D,,A,,,,,,,99Q1=100,,,5,,4F0,,Pound sterling/Euro ECB reference exchange rate,"ECB reference exchange rate, Pound sterling/Euro, 2.15 pm (C.E.T.)",GBP,0
205,EXR.D.GBP.EUR.SP00.A,D,GBP,EUR,SP00,A,2020-10-20,0.91329,A,F,,,P1D,,A,,,,,,,99Q1=100,,,5,,4F0,,Pound sterling/Euro ECB reference exchange rate,"ECB reference exchange rate, Pound sterling/Euro, 2.15 pm (C.E.T.)",GBP,0
206,EXR.D.GBP.EUR.SP00.A,D,GBP,EUR,SP00,A,2020-10-21,0.90754,A,F,,,P1D,,A,,,,,,,99Q1=100,,,5,,4F0,,Pound sterling/Euro ECB reference exchange rate,"ECB reference exchange rate, Pound sterling/Euro, 2.15 pm (C.E.T.)",GBP,0
207,EXR.D.GBP.EUR.SP00.A,D,GBP,EUR,SP00,A,2020-10-22,0.90273,A,F,,,P1D,,A,,,,,,,99Q1=100,,,5,,4F0,,Pound sterling/Euro ECB reference exchange rate,"ECB reference exchange rate, Pound sterling/Euro, 2.15 pm (C.E.T.)",GBP,0
208,EXR.D.GBP.EUR.SP00.A,D,GBP,EUR,SP00,A,2020-10-23,0.90675,A,F,,,P1D,,A,,,,,,,99Q1=100,,,5,,4F0,,Pound sterling/Euro ECB reference exchange rate,"ECB reference exchange rate, Pound sterling/Euro, 2.15 pm (C.E.T.)",GBP,0
209,EXR.D.GBP.EUR.SP00.A,D,GBP,EUR,SP00,A,2020-10-26,0.90755,A,F,,,P1D,,A,,,,,,,99Q1=100,,,5,,4F0,,Pound sterling/Euro ECB reference exchange rate,"ECB reference exchange rate, Pound sterling/Euro, 2.15 pm (C.E.T.)",GBP,0
210,EXR.D.GBP.EUR.SP00.A,D,GBP,EUR,SP00,A,2020-10-27,0.90718,A,F,,,P1D,,A,,,,,,,99Q1=100,,,5,,4F0,,Pound sterling/Euro ECB reference exchange rate,"ECB reference exchange rate, Pound sterling/Euro, 2.15 pm (C.E.T.)",GBP,0
211,EXR.D.GBP.EUR.SP00.A,D,GBP,EUR,SP00,A,2020-10-28,0.90662,A,F,,,P1D,,A,,,,,,,99Q1=100,,,5,,4F0,,Pound sterling/Euro ECB reference exchange rate,"ECB reference exchange rate, Pound sterling/Euro, 2.15 pm (C.E.T.)",GBP,0
212,EXR.D.GBP.EUR.SP00.A,D,GBP,EUR,SP00,A,2020-10-29,0.9043,A,F,,,P1D,,A,,,,,,,99Q1=100,,,5,,4F0,,Pound sterling/Euro ECB reference exchange rate,"ECB reference exchange rate, Pound sterling/Euro, 2.15 pm (C.E.T.)",GBP,0
213,EXR.D.GBP.EUR.SP00.A,D,GBP,EUR,SP00,A,2020-10-30,0.90208,A,F,,,P1D,,A,,,,,,,99Q1=100,,,5,,4F0,,Pound sterling/Euro ECB reference exchange rate,"ECB reference exchange rate, Pound sterling/Euro, 2.15 pm (C.E.T.)",GBP,0
214,EXR.D.GBP.EUR.SP00.A,D,GBP,EUR,SP00,A,2020-11-02,0.90053,A,F,,,P1D,,A,,,,,,,99Q1=100,,,5,,4F0,,Pound sterling/Euro ECB reference exchange rate,"ECB reference exchange rate, Pound sterling/Euro, 2.15 pm (C.E.T.)",GBP,0
215,EXR.D.GBP.EUR.SP00.A,D,GBP,EUR,SP00,A,2020-11-03,0.90042,A,F,,,P1D,,A,,,,,,,99Q1=100,,,5,,4F0,,Pound sterling/Euro ECB reference exchange rate,"ECB reference exchange rate, Pound sterling/Euro, 2.15 pm (C.E.T.)",GBP,0
216,EXR.D.GBP.EUR.SP00.A,D,GBP,EUR,SP00,A,2020-11-04,0.89954,A,F,,,P1D,,A,,,,,,,99Q1=100,,,5,,4F0,,Pound sterling/Euro ECB reference exchange rate,"ECB reference exchange rate, Pound sterling/Euro, 2.15 pm (C.E.T.)",GBP,0
217,EXR.D.GBP.EUR.SP00.A,D,GBP,EUR,SP00,A,2020-11-05,0.9045,A,F,,,P1D,,A,,,,,,,99Q1=100,,,5,,4F0,,Pound sterling/Euro ECB reference exchange rate,"ECB reference exchange rate, Pound sterling/Euro, 2.15 pm (C.E.T.)",GBP,0
218,EXR.D.GBP.EUR.SP00.A,D,GBP,EUR,SP00,A,2020-11-06,0.9043,A,F,,,P1D,,A,,,,,,,99Q1=100,,,5,,4F0,,Pound sterling/Euro ECB reference exchange rate,"ECB reference exchange rate, Pound sterling/Euro, 2.15 pm (C.E.T.)",GBP,0
219,EXR.D.GBP.EUR.SP00.A,D,GBP,EUR,SP00,A,2020-11-09,0.90224,A,F,,,P1D,,A,,,,,,,99Q1=100,,,5,,4F0,,Pound sterling/Euro ECB reference exchange rate,"ECB reference exchange rate, Pound sterling/Euro, 2.15 pm (C.E.T.)",GBP,0
220,EXR.D.GBP.EUR.SP00.A,D,GBP,EUR,SP00,A,2020-11-10,0.89183,A,F,,,P1D,,A,,,,,,,99Q1=100,,,5,,4F0,,Pound sterling/Euro ECB reference exchange rate,"ECB reference exchange rate, Pound sterling/Euro, 2.15 pm (C.E.T.)",GBP,0
221,EXR.D.GBP.EUR.SP00.A,D,GBP,EUR,SP00,A,2020-11-11,0.88935,A,F,,,P1D,,A,,,,,,,99Q1=100,,,5,,4F0,,Pound sterling/Euro ECB reference exchange rate,"ECB reference exchange rate, Pound sterling/Euro, 2.15 pm (C.E.T.)",GBP,0
222,EXR.D.GBP.EUR.SP00.A,D,GBP,EUR,SP00,A,2020-11-12,0.89765,A,F,,,P1D,,A,,,,,,,99Q1=100,,,5,,4F0,,Pound sterling/Euro ECB reference exchange rate,"ECB reference exchange rate, Pound sterling/Euro, 2.15 pm (C.E.T.)",GBP,0
223,EXR.D.GBP.EUR.SP00.A,D,GBP,EUR,SP00,A,2020-11-13,0.89683,A,F,,,P1D,,A,,,,,,,99Q1=100,,,5,,4F0,,Pound sterling/Euro ECB reference exchange rate,"ECB reference exchange rate, Pound sterling/Euro, 2.15 pm (C.E.T.)",GBP,0
224,EXR.D.GBP.EUR.SP00.A,D,GBP,EUR,SP00,A,2020-11-16,0.89819,A,F,,,P1D,,A,,,,,,,99Q1=100,,,5,,4F0,,Pound sterling/Euro ECB reference exchange rate,"ECB reference exchange rate, Pound sterling/Euro, 2.15 pm (C.E.T.)",GBP,0
225,EXR.D.GBP.EUR.SP00.A,D,GBP,EUR,SP00,A,2020-11-17,0.89585,A,F,,,P1D,,A,,,,,,,99Q1=100,,,5,,4F0,,Pound sterling/Euro ECB reference exchange rate,"ECB reference exchange rate, Pound sterling/Euro, 2.15 pm (C.E.T.)",GBP,0
226,EXR.D.GBP.EUR.SP00.A,D,GBP,EUR,SP00,A,2020-11-18,0.89373,A,F,,,P1D,,A,,,,,,,99Q1=100,,,5,,4F0,,Pound sterling/Euro ECB reference exchange rate,"ECB reference exchange rate, Pound sterling/Euro, 2.15 pm (C.E.T.)",GBP,0
227,EXR.D.GBP.EUR.SP00.A,D,GBP,EUR,SP00,A,2020-11-19,0.89378,A,F,,,P1D,,A,,,,,,,99Q1=100,,,5,,4F0,,Pound sterling/Euro ECB reference exchange rate,"ECB reference exchange rate, Pound sterling/Euro, 2.15 pm (C.E.T.)",GBP,0
228,EXR.D.GBP.EUR.SP00.A,D,GBP,EUR,SP00,A,2020-11-20,0.89393,A,F,,,P1D,,A,,,,,,,99Q1=100,,,5,,4F0,,Pound sterling/Euro ECB reference exchange rate,"ECB reference exchange rate, Pound sterling/Euro, 2.15 pm (C.E.T.)",GBP,0
229,EXR.D.GBP.EUR.SP00.A,D,GBP,EUR,SP00,A,2020-11-23,0.88888,A,F,,,P1D,,A,,,,,,,99Q1=100,,,5,,4F0,,Pound sterling/Euro ECB reference exchange rate,"ECB reference exchange rate, Pound sterling/Euro, 2.15 pm (C.E.T.)",GBP,0
230,EXR.D.GBP.EUR.SP00.A,D,GBP,EUR,SP00,A,2020-11-24,0.89012,A,F,,,P1D,,A,,,,,,,99Q1=100,,,5,,4F0,,Pound sterling/Euro ECB reference exchange rate,"ECB reference exchange rate, Pound sterling/Euro, 2.15 pm (C.E.T.)",GBP,0
231,EXR.D.GBP.EUR.SP00.A,D,GBP,EUR,SP00,A,2020-11-25,0.89129,A,F,,,P1D,,A,,,,,,,99Q1=100,,,5,,4F0,,Pound sterling/Euro ECB reference exchange rate,"ECB reference exchange rate, Pound sterling/Euro, 2.15 pm (C.E.T.)",GBP,0
232,EXR.D.GBP.EUR.SP00.A,D,GBP,EUR,SP00,A,2020-11-26,0.89129,A,F,,,P1D,,A,,,,,,,99Q1=100,,,5,,4F0,,Pound sterling/Euro ECB reference exchange rate,"ECB reference exchange rate, Pound sterling/Euro, 2.15 pm (C.E.T.)",GBP,0
233,EXR.D.GBP.EUR.SP00.A,D,GBP,EUR,SP00,A,2020-11-27,0.89442,A,F,,,P1D,,A,,,,,,,99Q1=100,,,5,,4F0,,Pound sterling/Euro ECB reference exchange rate,"ECB reference exchange rate, Pound sterling/Euro, 2.15 pm (C.E.T.)",GBP,0
234,EXR.D.GBP.EUR.SP00.A,D,GBP,EUR,SP00,A,2020-11-30,0.89845,A,F,,,P1D,,A,,,,,,,99Q1=100,,,5,,4F0,,Pound sterling/Euro ECB reference exchange rate,"ECB reference exchange rate, Pound sterling/Euro, 2.15 pm (C.E.T.)",GBP,0
235,EXR.D.GBP.EUR.SP00.A,D,GBP,EUR,SP00,A,2020-12-01,0.89798,A,F,,,P1D,,A,,,,,,,99Q1=100,,,5,,4F0,,Pound sterling/Euro ECB reference exchange rate,"ECB reference exchange rate, Pound sterling/Euro, 2.15 pm (C.E.T.)",GBP,0
236,EXR.D.GBP.EUR.SP00.A,D,GBP,EUR,SP00,A,2020-12-02,0.9049,A,F,,,P1D,,A,,,,,,,99Q1=100,,,5,,4F0,,Pound sterling/Euro ECB reference exchange rate,"ECB reference exchange rate, Pound sterling/Euro, 2.15 pm (C.E.T.)",GBP,0
237,EXR.D.GBP.EUR.SP00.A,D,GBP,EUR,SP00,A,2020-12-03,0.90358,A,F,,,P1D,,A,,,,,,,99Q1=100,,,5,,4F0,,Pound sterling/Euro ECB reference exchange rate,"ECB reference exchange rate, Pound sterling/Euro, 2.15 pm (C.E.T.)",GBP,0
238,EXR.D.GBP.EUR.SP00.A,D,GBP,EUR,SP00,A,2020-12-04,0.90282,A,F,,,P1D,,A,,,,,,,99Q1=100,,,5,,4F0,,Pound sterling/Euro ECB reference exchange rate,"ECB reference exchange rate, Pound sterling/Euro, 2.15 pm (C.E.T.)",GBP,0
239,EXR.D.GBP.EUR.SP00.A,D,GBP,EUR,SP00,A,2020-12-07,0.91215,A,F,,,P1D,,A,,,,,,,99Q1=100,,,5,,4F0,,Pound sterling/Euro ECB reference exchange rate,"ECB reference exchange rate, Pound sterling/Euro, 2.15 pm (C.E.T.)",GBP,0
240,EXR.D.GBP.EUR.SP00.A,D,GBP,EUR,SP00,A,2020-12-08,0.91143,A,F,,,P1D,,A,,,,,,,99Q1=100,,,5,,4F0,,Pound sterling/Euro ECB reference exchange rate,"ECB reference exchange rate, Pound sterling/Euro, 2.15 pm (C.E.T.)",GBP,0
241,EXR.D.GBP.EUR.SP00.A,D,GBP,EUR,SP00,A,2020-12-09,0.9,A,F,,,P1D,,A,,,,,,,99Q1=100,,,5,,4F0,,Pound sterling/Euro ECB reference exchange rate,"ECB reference exchange rate, Pound sterling/Euro, 2.15 pm (C.E.T.)",GBP,0
242,EXR.D.GBP.EUR.SP00.A,D,GBP,EUR,SP00,A,2020-12-10,0.911,A,F,,,P1D,,A,,,,,,,99Q1=100,,,5,,4F0,,Pound sterling/Euro ECB reference exchange rate,"ECB reference exchange rate, Pound sterling/Euro, 2.15 pm (C.E.T.)",GBP,0
243,EXR.D.GBP.EUR.SP00.A,D,GBP,EUR,SP00,A,2020-12-11,0.92294,A,F,,,P1D,,A,,,,,,,99Q1=100,,,5,,4F0,,Pound sterling/Euro ECB reference exchange rate,"ECB reference exchange rate, Pound sterling/Euro, 2.15 pm (C.E.T.)",GBP,0
244,EXR.D.GBP.EUR.SP00.A,D,GBP,EUR,SP00,A,2020-12-14,0.907,A,F,,,P1D,,A,,,,,,,99Q1=100,,,5,,4F0,,Pound sterling/Euro ECB reference exchange rate,"ECB reference exchange rate, Pound sterling/Euro, 2.15 pm (C.E.T.)",GBP,0
245,EXR.D.GBP.EUR.SP00.A,D,GBP,EUR,SP00,A,2020-12-15,0.90795,A,F,,,P1D,,A,,,,,,,99Q1=100,,,5,,4F0,,Pound sterling/Euro ECB reference exchange rate,"ECB reference exchange rate, Pound sterling/Euro, 2.15 pm (C.E.T.)",GBP,0
246,EXR.D.GBP.EUR.SP00.A,D,GBP,EUR,SP00,A,2020-12-16,0.8995,A,F,,,P1D,,A,,,,,,,99Q1=100,,,5,,4F0,,Pound sterling/Euro ECB reference exchange rate,"ECB reference exchange rate, Pound sterling/Euro, 2.15 pm (C.E.T.)",GBP,0
247,EXR.D.GBP.EUR.SP00.A,D,GBP,EUR,SP00,A,2020-12-17,0.9005,A,F,,,P1D,,A,,,,,,,99Q1=100,,,5,,4F0,,Pound sterling/Euro ECB reference exchange rate,"ECB reference exchange rate, Pound sterling/Euro, 2.15 pm (C.E.T.)",GBP,0
248,EXR.D.GBP.EUR.SP00.A,D,GBP,EUR,SP00,A,2020-12-18,0.90828,A,F,,,P1D,,A,,,,,,,99Q1=100,,,5,,4F0,,Pound sterling/Euro ECB reference exchange rate,"ECB reference exchange rate, Pound sterling/Euro, 2.15 pm (C.E.T.)",GBP,0
249,EXR.D.GBP.EUR.SP00.A,D,GBP,EUR,SP00,A,2020-12-21,0.9161,A,F,,,P1D,,A,,,,,,,99Q1=100,,,5,,4F0,,Pound sterling/Euro ECB reference exchange rate,"ECB reference exchange rate, Pound sterling/Euro, 2.15 pm (C.E.T.)",GBP,0
250,EXR.D.GBP.EUR.SP00.A,D,GBP,EUR,SP00,A,2020-12-22,0.91148,A,F,,,P1D,,A,,,,,,,99Q1=100,,,5,,4F0,,Pound sterling/Euro ECB reference exchange rate,"ECB reference exchange rate, Pound sterling/Euro, 2.15 pm (C.E.T.)",GBP,0
251,EXR.D.GBP.EUR.SP00.A,D,GBP,EUR,SP00,A,2020-12-23,0.907,A,F,,,P1D,,A,,,,,,,99Q1=100,,,5,,4F0,,Pound sterling/Euro ECB reference exchange rate,"ECB reference exchange rate, Pound sterling/Euro, 2.15 pm (C.E.T.)",GBP,0
252,EXR.D.GBP.EUR.SP00.A,D,GBP,EUR,SP00,A,2020-12-24,0.89795,A,F,,,P1D,,A,,,,,,,99Q1=100,,,5,,4F0,,Pound sterling/Euro ECB reference exchange rate,"ECB reference exchange rate, Pound sterling/Euro, 2.15 pm (C.E.T.)",GBP,0
253,EXR.D.GBP.EUR.SP00.A,D,GBP,EUR,SP00,A,2020-12-28,0.90408,A,F,,,P1D,,A,,,,,,,99Q1=100,,,5,,4F0,,Pound sterling/Euro ECB reference exchange rate,"ECB reference exchange rate, Pound sterling/Euro, 2.15 pm (C.E.T.)",GBP,0
254,EXR.D.GBP.EUR.SP00.A,D,GBP,EUR,SP00,A,2020-12-29,0.90863,A,F,,,P1D,,A,,,,,,,99Q1=100,,,5,,4F0,,Pound sterling/Euro ECB reference exchange rate,"ECB reference exchange rate, Pound sterling/Euro, 2.15 pm (C.E.T.)",GBP,0
255,EXR.D.GBP.EUR.SP00.A,D,GBP,EUR,SP00,A,2020-12-30,0.90307,A,F,,,P1D,,A,,,,,,,99Q1=100,,,5,,4F0,,Pound sterling/Euro ECB reference exchange rate,"ECB reference exchange rate, Pound sterling/Euro, 2.15 pm (C.E.T.)",GBP,0
256,EXR.D.GBP.EUR.SP00.A,D,GBP,EUR,SP00,A,2020-12-31,0.89903,A,F,,,P1D,,A,,,,,,,99Q1=100,,,5,,4F0,,Pound sterling/Euro ECB reference exchange rate,"ECB reference exchange rate, Pound sterling/Euro, 2.15 pm (C.E.T.)",GBP,0
